TOOL PATH/CONTOUR_PROFILE_CHAMFER,TOOL,MILL_0.120RAD
TLDATA/MILL,0.7500,0.1200,4.0000,0.0000,0.0000
MSYS/0.0000,0.0000,0.0000,1.0000000,0.0000000,0.0000000,0.0000000,1.0000000,0.0000000
$$ centerline data
PAINT/PATH
PAINT/SPEED,10
LOAD/TOOL,1,ADJUST,1
PAINT/COLOR,186
RAPID
GOTO/0.0776,1.6841,3.4760,0.7196045,0.2803955,0.6352541
PAINT/COLOR,211
RAPID
GOTO/-0.0795,1.6229,3.3373
PAINT/COLOR,42
FEDRAT/IPM,10.0000
GOTO/-0.1054,1.6204,3.2982
GOTO/-0.1100,1.6457,3.2584
GOTO/-0.1058,1.6848,3.2307
GOTO/-0.1004,1.7288,3.2118
GOTO/-0.0956,1.7750,3.1988
GOTO/-0.0919,1.8222,3.1900
GOTO/-0.0893,1.8700,3.1843
GOTO/-0.0879,1.9181,3.1812
GOTO/-0.0876,1.9664,3.1801
PAINT/COLOR,31
GOTO/-0.0885,2.1586,3.1793,0.7266201,0.2461066,0.6414473
GOTO/-0.0892,2.3509,3.1787,0.7327170,0.2115117,0.6468296
GOTO/-0.0898,2.5432,3.1782,0.7378878,0.1766554,0.6513942
GOTO/-0.0903,2.7355,3.1777,0.7421264,0.1415816,0.6551359
GOTO/-0.0907,2.9279,3.1774,0.7454278,0.1063347,0.6580504
GOTO/-0.0910,3.1203,3.1771,0.7477884,0.0709591,0.6601343
GOTO/-0.0912,3.3126,3.1770,0.7492056,0.0354996,0.6613854
GOTO/-0.0912,3.5050,3.1769,0.7496782,0.0000000,0.6618026
GOTO/-0.0867,3.5652,3.1792,0.7539645,-0.0321766,0.6561267
GOTO/-0.0762,3.6241,3.1813,0.7578787,-0.0640280,0.6492459
GOTO/-0.0597,3.6811,3.1835,0.7616118,-0.0956506,0.6409356
GOTO/-0.0377,3.7358,3.1856,0.7653003,-0.1272053,0.6309788
GOTO/-0.0102,3.7879,3.1878,0.7690336,-0.1589240,0.6191370
GOTO/0.0226,3.8370,3.1899,0.7728269,-0.1911133,0.6051564
GOTO/0.0606,3.8827,3.1920,0.7765605,-0.2241249,0.5888309
GOTO/0.1025,3.9236,3.1940,0.7795056,-0.2577310,0.5709166
GOTO/0.1480,3.9597,3.1959,0.7815869,-0.2923765,0.5510335
GOTO/0.1971,3.9909,3.1979,0.7822667,-0.3291598,0.5288787
GOTO/0.2488,4.0168,3.1997,0.7807924,-0.3676503,0.5051698
GOTO/0.2759,4.0278,3.2007,0.7792448,-0.3879849,0.4921842
GOTO/0.3037,4.0375,3.2017,0.7770239,-0.4090741,0.4784268
GOTO/0.3320,4.0457,3.2027,0.7740034,-0.4306787,0.4641493
GOTO/0.3605,4.0524,3.2037,0.7701133,-0.4525062,0.4496261
GOTO/0.4031,4.0594,3.2050,0.7626528,-0.4849733,0.4279738
GOTO/0.4104,4.0597,3.2048,0.7606316,-0.4866789,0.4296314
GOTO/0.5130,4.0626,3.2022,0.7319932,-0.5107647,0.4508940
GOTO/0.6157,4.0653,3.1998,0.7022635,-0.5337087,0.4711486
GOTO/0.8215,4.0705,3.1952,0.6390402,-0.5766324,0.5090409
GOTO/1.0280,4.0751,3.1911,0.5711518,-0.6153692,0.5432370
GOTO/1.2349,4.0792,3.1875,0.4990855,-0.6496357,0.5734868
GOTO/1.4422,4.0828,3.1844,0.4234003,-0.6791655,0.5995552
GOTO/1.6499,4.0857,3.1818,0.3446439,-0.7037480,0.6212562
GOTO/1.8580,4.0881,3.1797,0.2633840,-0.7232078,0.6384350
GOTO/1.9621,4.0890,3.1789,0.2219635,-0.7309774,0.6452939
GOTO/2.0662,4.0898,3.1782,0.1802066,-0.7374050,0.6509680
GOTO/2.1704,4.0904,3.1777,0.1380637,-0.7424988,0.6554647
GOTO/2.2746,4.0908,3.1773,0.0957087,-0.7462367,0.6587645
GOTO/2.3789,4.0911,3.1770,0.0531635,-0.7486180,0.6608667
GOTO/2.4831,4.0912,3.1769,0.0104935,-0.7496369,0.6617661
GOTO/2.5874,4.0912,3.1769,-0.0321361,-0.7492910,0.6614607
GOTO/2.6916,4.0910,3.1771,-0.0747730,-0.7475795,0.6599499
GOTO/2.7959,4.0906,3.1775,-0.1172190,-0.7445100,0.6572402
GOTO/2.9001,4.0901,3.1779,-0.1594790,-0.7400833,0.6533324
GOTO/3.0042,4.0894,3.1785,-0.2014577,-0.7343077,0.6482338
GOTO/3.1084,4.0885,3.1793,-0.2430264,-0.7272026,0.6419615
GOTO/3.3165,4.0864,3.1812,-0.3248252,-0.7090262,0.6259157
GOTO/3.5243,4.0836,3.1837,-0.4042781,-0.6856827,0.6053085
GOTO/3.5539,4.0831,3.1841,-0.4153826,-0.6819423,0.6020066
GOTO/3.5817,4.0804,3.1841,-0.4208410,-0.6726125,0.6086750
GOTO/3.6105,4.0761,3.1840,-0.4258295,-0.6631527,0.6155467
GOTO/3.6389,4.0704,3.1840,-0.4304511,-0.6544206,0.6216475
GOTO/3.6668,4.0632,3.1840,-0.4348198,-0.6463960,0.6269801
GOTO/3.6942,4.0547,3.1840,-0.4390436,-0.6390554,0.6315449
GOTO/3.7210,4.0449,3.1841,-0.4432219,-0.6323605,0.6353538
GOTO/3.7474,4.0337,3.1842,-0.4474469,-0.6262682,0.6384194
GOTO/3.7731,4.0212,3.1844,-0.4518043,-0.6207301,0.6407550
GOTO/3.7981,4.0074,3.1846,-0.4563726,-0.6156914,0.6423769
GOTO/3.8226,3.9922,3.1848,-0.4612263,-0.6110957,0.6432981
GOTO/3.8463,3.9759,3.1851,-0.4664347,-0.6068817,0.6435318
GOTO/3.8692,3.9582,3.1854,-0.4720639,-0.6029847,0.6430903
GOTO/3.8887,3.9417,3.1856,-0.4773841,-0.5997806,0.6421586
GOTO/3.9074,3.9242,3.1858,-0.4831154,-0.5967174,0.6407245
GOTO/3.9253,3.9061,3.1860,-0.4892715,-0.5937084,0.6388456
GOTO/3.9423,3.8872,3.1862,-0.4958809,-0.5907167,0.6365187
GOTO/3.9734,3.8475,3.1866,-0.5103766,-0.5847884,0.6305063
GOTO/4.0009,3.8052,3.1871,-0.5261634,-0.5793581,0.6224921
GOTO/4.0246,3.7603,3.1876,-0.5435253,-0.5741710,0.6122972
GOTO/4.0440,3.7141,3.1881,-0.5622064,-0.5686514,0.6004661
GOTO/4.0596,3.6654,3.1887,-0.5832858,-0.5625910,0.5858916
GOTO/4.0706,3.6156,3.1894,-0.6062062,-0.5552852,0.5693614
GOTO/4.0766,3.5709,3.1899,-0.6275772,-0.5473261,0.5536976
GOTO/4.0769,3.5530,3.1896,-0.6299223,-0.5421884,0.5560842
GOTO/4.0775,3.5119,3.1890,-0.6355469,-0.5303807,0.5610495
GOTO/4.0782,3.4709,3.1884,-0.6410255,-0.5185165,0.5658859
GOTO/4.0788,3.4298,3.1878,-0.6463793,-0.5065527,0.5706121
GOTO/4.0795,3.3887,3.1873,-0.6516109,-0.4944827,0.5752305
GOTO/4.0824,3.1830,3.1847,-0.6758411,-0.4327617,0.5966205
GOTO/4.0849,2.9771,3.1825,-0.6967957,-0.3689236,0.6151188
GOTO/4.0870,2.7709,3.1806,-0.7143654,-0.3032969,0.6306291
GOTO/4.0887,2.5646,3.1792,-0.7284654,-0.2362013,0.6430763
GOTO/4.0894,2.4614,3.1785,-0.7341909,-0.2022136,0.6481307
GOTO/4.0900,2.3581,3.1780,-0.7390288,-0.1679542,0.6524015
GOTO/4.0904,2.2549,3.1776,-0.7429688,-0.1334891,0.6558796
GOTO/4.0908,2.1516,3.1773,-0.7460035,-0.0988905,0.6585586
GOTO/4.0911,2.0483,3.1771,-0.7481345,-0.0641407,0.6604398
GOTO/4.0912,1.9450,3.1769,-0.7493552,-0.0293510,0.6615174
GOTO/4.0912,1.8416,3.1769,-0.7496669,0.0054966,0.6617926
GOTO/4.0912,1.7383,3.1770,-0.7490683,0.0403290,0.6612642
GOTO/4.0910,1.6350,3.1771,-0.7475606,0.0751079,0.6599332
GOTO/4.0907,1.5317,3.1774,-0.7451434,0.1098240,0.6577994
GOTO/4.0903,1.4284,3.1777,-0.7418245,0.1443692,0.6548695
GOTO/4.0898,1.3252,3.1782,-0.7376015,0.1787701,0.6511415
GOTO/4.0885,1.1187,3.1794,-0.7264805,0.2468389,0.6413241
GOTO/4.0867,0.9124,3.1809,-0.7118329,0.3137126,0.6283934
GOTO/4.0845,0.7063,3.1828,-0.6937249,0.3790806,0.6124080
GOTO/4.0819,0.5004,3.1851,-0.6722475,0.4426090,0.5934481
GOTO/4.0815,0.4661,3.1855,-0.6683512,0.4529862,0.5900086
GOTO/4.0811,0.4404,3.1858,-0.6653679,0.4607345,0.5873749
GOTO/4.0797,0.4246,3.1858,-0.6595197,0.4634321,0.5918315
GOTO/4.0751,0.3910,3.1855,-0.6469686,0.4683310,0.6017456
GOTO/4.0685,0.3579,3.1853,-0.6354759,0.4726538,0.6105478
GOTO/4.0600,0.3255,3.1851,-0.6250065,0.4765936,0.6182438
GOTO/4.0496,0.2938,3.1850,-0.6155146,0.4803305,0.6248395
GOTO/4.0375,0.2628,3.1849,-0.6069299,0.4840278,0.6303596
GOTO/4.0235,0.2326,3.1849,-0.5991722,0.4878343,0.6348310
GOTO/4.0077,0.2033,3.1850,-0.5921523,0.4918851,0.6382826
GOTO/3.9902,0.1748,3.1851,-0.5857705,0.4963023,0.6407471
GOTO/3.9760,0.1541,3.1852,-0.5813413,0.4999241,0.6419643
GOTO/3.9607,0.1339,3.1854,-0.5771668,0.5038602,0.6426534
GOTO/3.9445,0.1144,3.1855,-0.5731984,0.5081525,0.6428255
GOTO/3.9273,0.0955,3.1856,-0.5693852,0.5128411,0.6424908
GOTO/3.9092,0.0773,3.1857,-0.5656656,0.5179591,0.6416703
GOTO/3.8905,0.0602,3.1858,-0.5619846,0.5235322,0.6403806
GOTO/3.8512,0.0286,3.1860,-0.5551350,0.5356129,0.6363520
GOTO/3.8093,0.0007,3.1862,-0.5491944,0.5487868,0.6302527
GOTO/3.7649,-0.0234,3.1865,-0.5438322,0.5634514,0.6219076
GOTO/3.7190,-0.0433,3.1869,-0.5384738,0.5794867,0.6117525
GOTO/3.6707,-0.0593,3.1873,-0.5328794,0.5978107,0.5988838
GOTO/3.6424,-0.0665,3.1876,-0.5293052,0.6092515,0.5904648
GOTO/3.6139,-0.0722,3.1880,-0.5253114,0.6212270,0.5814852
GOTO/3.5678,-0.0782,3.1884,-0.5177714,0.6413355,0.5662168
GOTO/3.5622,-0.0783,3.1883,-0.5162502,0.6420527,0.5667927
GOTO/3.5329,-0.0788,3.1879,-0.5081757,0.6456629,0.5699797
GOTO/3.5036,-0.0792,3.1875,-0.5000777,0.6492067,0.5731081
GOTO/3.4743,-0.0796,3.1872,-0.4919498,0.6526875,0.5761809
GOTO/3.4450,-0.0800,3.1868,-0.4837746,0.6561128,0.5792047
GOTO/3.4157,-0.0804,3.1865,-0.4755533,0.6594821,0.5821790
GOTO/3.2104,-0.0830,3.1841,-0.4168876,0.6814260,0.6015508
GOTO/3.0048,-0.0853,3.1821,-0.3564150,0.7004451,0.6183405
GOTO/2.7991,-0.0873,3.1804,-0.2944200,0.7164495,0.6324689
GOTO/2.5933,-0.0888,3.1791,-0.2311602,0.7293737,0.6438781
GOTO/2.3873,-0.0900,3.1780,-0.1668979,0.7391633,0.6525202
GOTO/2.1812,-0.0908,3.1773,-0.1019123,0.7457749,0.6583568
GOTO/2.0782,-0.0910,3.1771,-0.0692274,0.7478796,0.6602148
GOTO/1.9751,-0.0912,3.1770,-0.0364926,0.7491788,0.6613618
GOTO/1.8720,-0.0912,3.1769,-0.0037043,0.7496730,0.6617980
GOTO/1.7690,-0.0912,3.1769,0.0290923,0.7493609,0.6615224
GOTO/1.6659,-0.0911,3.1771,0.0618376,0.7482435,0.6605360
GOTO/1.5628,-0.0908,3.1773,0.0945454,0.7463200,0.6588380
GOTO/1.3568,-0.0901,3.1779,0.1595836,0.7400706,0.6533212
GOTO/1.1508,-0.0890,3.1789,0.2239270,0.7306408,0.6449967
GOTO/0.9449,-0.0874,3.1803,0.2873063,0.7180708,0.6339001
GOTO/0.7392,-0.0856,3.1819,0.3494702,0.7024091,0.6200742
GOTO/0.5336,-0.0833,3.1839,0.4101234,0.6837290,0.6035838
GOTO/0.4994,-0.0829,3.1843,0.4200631,0.6803291,0.6005824
GOTO/0.4651,-0.0825,3.1846,0.4299499,0.6768490,0.5975103
GOTO/0.4437,-0.0822,3.1849,0.4361111,0.6746300,0.5955514
GOTO/0.4198,-0.0800,3.1848,0.4400068,0.6664364,0.6018775
GOTO/0.3864,-0.0750,3.1846,0.4446484,0.6551045,0.6108403
GOTO/0.3535,-0.0681,3.1845,0.4487650,0.6448533,0.6186875
GOTO/0.3212,-0.0593,3.1844,0.4525512,0.6356458,0.6254214
GOTO/0.2897,-0.0487,3.1844,0.4561892,0.6274334,0.6310457
GOTO/0.2589,-0.0362,3.1844,0.4598455,0.6201444,0.6355809
GOTO/0.2289,-0.0220,3.1846,0.4636731,0.6136973,0.6390484
GOTO/0.1902,-0.0003,3.1848,0.4692825,0.6062474,0.6420576
GOTO/0.1532,0.0246,3.1851,0.4757467,0.5998865,0.6432739
GOTO/0.1179,0.0525,3.1855,0.4833415,0.5943475,0.6427535
GOTO/0.0847,0.0834,3.1858,0.4923145,0.5893299,0.6405596
GOTO/0.0544,0.1166,3.1862,0.5024032,0.5848763,0.6367973
GOTO/0.0271,0.1517,3.1865,0.5131728,0.5814423,0.6313307
GOTO/0.0026,0.1889,3.1870,0.5249296,0.5788252,0.6240275
GOTO/-0.0189,0.2280,3.1875,0.5379989,0.5767688,0.6147316
GOTO/-0.0371,0.2683,3.1880,0.5522285,0.5747850,0.6038757
GOTO/-0.0460,0.2917,3.1884,0.5610574,0.5736717,0.5967541
GOTO/-0.0539,0.3158,3.1888,0.5705553,0.5724598,0.5888602
GOTO/-0.0607,0.3402,3.1892,0.5806679,0.5710407,0.5802908
GOTO/-0.0664,0.3649,3.1896,0.5913024,0.5693205,0.5711704
GOTO/-0.0743,0.4144,3.1905,0.6136242,0.5647301,0.5518563
GOTO/-0.0756,0.4266,3.1907,0.6193141,0.5633225,0.5469166
GOTO/-0.0758,0.4458,3.1905,0.6210590,0.5600864,0.5482599
GOTO/-0.0761,0.4711,3.1903,0.6232265,0.5557861,0.5501732
GOTO/-0.0763,0.4964,3.1901,0.6253722,0.5514808,0.5520675
GOTO/-0.0766,0.5217,3.1898,0.6275010,0.5471614,0.5539467
GOTO/-0.0768,0.5470,3.1896,0.6296133,0.5428266,0.5558114
GOTO/-0.0788,0.7495,3.1879,0.6459023,0.5076340,0.5701911
GOTO/-0.0806,0.9521,3.1863,0.6610905,0.4715630,0.5835989
GOTO/-0.0823,1.1547,3.1848,0.6751425,0.4346977,0.5960038
GOTO/-0.0838,1.3575,3.1834,0.6880417,0.3970828,0.6073910
GOTO/-0.0852,1.5604,3.1822,0.6997662,0.3587799,0.6177412
GOTO/-0.0865,1.7633,3.1811,0.7102940,0.3198588,0.6270349
GOTO/-0.0876,1.9664,3.1801,0.7196045,0.2803955,0.6352541
PAINT/COLOR,37
GOTO/-0.0940,2.1213,3.1900
GOTO/-0.0986,2.1720,3.1996
GOTO/-0.1042,2.2216,3.2136
GOTO/-0.1099,2.2692,3.2333
GOTO/-0.1135,2.3131,3.2605
GOTO/-0.1086,2.3499,3.2962
GOTO/-0.0832,2.3729,3.3341
PAINT/COLOR,211
RAPID
GOTO/0.0776,2.4355,3.4760
PAINT/COLOR,186
RAPID
GOTO/0.4924,0.7417,3.4959,0.0000000,-0.8112422,0.5847103
PAINT/COLOR,42
GOTO/0.5027,0.7706,3.4533
GOTO/0.5300,0.7718,3.4071
GOTO/0.5650,0.7618,3.3673
GOTO/0.6042,0.7480,3.3328
GOTO/0.6463,0.7329,3.3025
GOTO/0.6905,0.7177,3.2756
GOTO/0.7365,0.7027,3.2515
GOTO/0.7838,0.6882,3.2298
GOTO/0.8322,0.6745,3.2103
PAINT/COLOR,31
GOTO/1.0245,0.6745,3.2103,0.0193224,-0.8110907,0.5846011
GOTO/1.2167,0.6744,3.2104,0.0386376,-0.8106364,0.5842737
GOTO/1.4089,0.6744,3.2105,0.0579384,-0.8098794,0.5837281
GOTO/1.6011,0.6742,3.2105,0.0772175,-0.8088200,0.5829645
GOTO/1.7934,0.6741,3.2107,0.0964678,-0.8074586,0.5819833
GOTO/1.9856,0.6739,3.2108,0.1156821,-0.8057957,0.5807847
GOTO/2.1778,0.6736,3.2110,0.1348532,-0.8038320,0.5793693
GOTO/2.3701,0.6734,3.2112,0.1539739,-0.8015681,0.5777376
GOTO/2.5623,0.6731,3.2114,0.1730371,-0.7990048,0.5758901
GOTO/2.7546,0.6727,3.2116,0.1920358,-0.7961433,0.5738276
GOTO/2.9469,0.6723,3.2119,0.2109627,-0.7929845,0.5715509
GOTO/3.1391,0.6719,3.2122,0.2298109,-0.7895295,0.5690607
GOTO/3.1547,0.6681,3.2154,0.2792184,-0.7781940,0.5625400
GOTO/3.1712,0.6658,3.2184,0.3242561,-0.7650192,0.5564204
GOTO/3.1883,0.6653,3.2210,0.3646988,-0.7503772,0.5512974
GOTO/3.2054,0.6664,3.2233,0.4008880,-0.7347740,0.5471708
GOTO/3.2221,0.6693,3.2252,0.4336586,-0.7183533,0.5439749
GOTO/3.2375,0.6735,3.2268,0.4716262,-0.6964309,0.5408814
GOTO/3.2526,0.6795,3.2281,0.5066585,-0.6732408,0.5385573
GOTO/3.2670,0.6872,3.2290,0.5396767,-0.6484671,0.5368794
GOTO/3.2804,0.6965,3.2296,0.5699768,-0.6228715,0.5358708
GOTO/3.2926,0.7074,3.2298,0.5971585,-0.5971620,0.5355364
GOTO/3.3034,0.7196,3.2296,0.6228667,-0.5699817,0.5358712
GOTO/3.3128,0.7330,3.2290,0.6484559,-0.5396893,0.5368802
GOTO/3.3205,0.7474,3.2281,0.6732310,-0.5066701,0.5385586
GOTO/3.3265,0.7625,3.2268,0.6964375,-0.4716133,0.5408841
GOTO/3.3308,0.7780,3.2252,0.7181138,-0.4341024,0.5439371
GOTO/3.3336,0.7946,3.2233,0.7347606,-0.4009039,0.5471772
GOTO/3.3347,0.8117,3.2210,0.7504933,-0.3644111,0.5513296
GOTO/3.3342,0.8287,3.2184,0.7651373,-0.3239332,0.5564461
GOTO/3.3319,0.8453,3.2154,0.7781999,-0.2792477,0.5625173
GOTO/3.3282,0.8610,3.2122,0.7889890,-0.2306607,0.5694664
GOTO/3.3273,1.0509,3.2116,0.7960223,-0.1927964,0.5737404
GOTO/3.3266,1.2408,3.2112,0.8014833,-0.1546426,0.5776765
GOTO/3.3261,1.4306,3.2108,0.8057413,-0.1162566,0.5807455
GOTO/3.3258,1.6204,3.2105,0.8087899,-0.0776962,0.5829428
GOTO/3.3256,1.8102,3.2104,0.8106244,-0.0390192,0.5842650
GOTO/3.3255,2.0000,3.2103,0.8112422,-0.0002836,0.5847103
GOTO/3.3256,2.1898,3.2104,0.8106422,0.0384524,0.5842779
GOTO/3.3258,2.3796,3.2105,0.8088255,0.0771308,0.5829684
GOTO/3.3261,2.5695,3.2108,0.8057947,0.1156933,0.5807839
GOTO/3.3266,2.7593,3.2112,0.8015544,0.1540822,0.5777277
GOTO/3.3273,2.9492,3.2116,0.7961109,0.1922398,0.5738043
GOTO/3.3281,3.1391,3.2122,0.7894724,0.2301088,0.5690195
GOTO/3.3319,3.1547,3.2154,0.7781950,0.2792331,0.5625313
GOTO/3.3342,3.1712,3.2184,0.7650597,0.3241463,0.5564286
GOTO/3.3347,3.1883,3.2210,0.7504188,0.3645964,0.5513085
GOTO/3.3336,3.2054,3.2233,0.7347734,0.4008851,0.5471738
GOTO/3.3307,3.2220,3.2252,0.7182772,0.4337991,0.5439635
GOTO/3.3265,3.2375,3.2268,0.6964244,0.4716369,0.5408805
GOTO/3.3205,3.2526,3.2281,0.6732366,0.5066652,0.5385563
GOTO/3.3128,3.2670,3.2290,0.6484673,0.5396771,0.5368787
GOTO/3.3034,3.2804,3.2296,0.6228761,0.5699722,0.5358704
GOTO/3.2926,3.2926,3.2298,0.5971681,0.5971524,0.5355364
GOTO/3.2804,3.3035,3.2296,0.5699635,0.6228837,0.5358708
GOTO/3.2670,3.3128,3.2290,0.5396377,0.6485000,0.5368789
GOTO/3.2526,3.3205,3.2281,0.5066186,0.6732722,0.5385556
GOTO/3.2375,3.3265,3.2268,0.4716357,0.6964282,0.5408766
GOTO/3.2219,3.3308,3.2252,0.4353503,0.7174390,0.5438303
GOTO/3.2053,3.3336,3.2233,0.4009411,0.7347267,0.5471954
GOTO/3.1884,3.3347,3.2210,0.3636077,0.7508176,0.5514185
GOTO/3.1714,3.3342,3.2184,0.3230467,0.7654617,0.5565153
GOTO/3.1548,3.3319,3.2154,0.2793472,0.7782116,0.5624517
GOTO/3.1387,3.3282,3.2122,0.2330168,0.7885296,0.5691435
GOTO/2.9489,3.3273,3.2117,0.1949995,0.7956690,0.5734858
GOTO/2.7590,3.3267,3.2112,0.1566868,0.8012220,0.5774881
GOTO/2.5692,3.3262,3.2108,0.1181367,0.8055613,0.5806158
GOTO/2.3794,3.3258,3.2106,0.0794077,0.8086805,0.5828639
GOTO/2.1896,3.3256,3.2104,0.0405584,0.8105747,0.5842292
GOTO/1.9998,3.3255,3.2103,0.0016477,0.8112411,0.5847095
GOTO/1.8100,3.3255,3.2104,-0.0372655,0.8106787,0.5843041
GOTO/1.6202,3.3258,3.2105,-0.0761223,0.8088884,0.5830137
GOTO/1.4304,3.3261,3.2108,-0.1148637,0.8058728,0.5808402
GOTO/1.2406,3.3266,3.2112,-0.1534312,0.8016365,0.5777869
GOTO/1.0508,3.3273,3.2116,-0.1917663,0.7961860,0.5738584
GOTO/0.8609,3.3281,3.2122,-0.2298109,0.7895295,0.5690607
GOTO/0.8453,3.3319,3.2154,-0.2792184,0.7781940,0.5625400
GOTO/0.8288,3.3342,3.2184,-0.3242561,0.7650192,0.5564204
GOTO/0.8117,3.3347,3.2210,-0.3646988,0.7503772,0.5512974
GOTO/0.7946,3.3336,3.2233,-0.4008880,0.7347740,0.5471708
GOTO/0.7779,3.3307,3.2252,-0.4336586,0.7183533,0.5439749
GOTO/0.7625,3.3265,3.2268,-0.4716262,0.6964309,0.5408814
GOTO/0.7474,3.3205,3.2281,-0.5066585,0.6732408,0.5385573
GOTO/0.7330,3.3128,3.2290,-0.5396767,0.6484671,0.5368794
GOTO/0.7196,3.3035,3.2296,-0.5699768,0.6228715,0.5358708
GOTO/0.7074,3.2926,3.2298,-0.5971585,0.5971620,0.5355364
GOTO/0.6966,3.2804,3.2296,-0.6228667,0.5699817,0.5358712
GOTO/0.6872,3.2670,3.2290,-0.6484559,0.5396893,0.5368802
GOTO/0.6795,3.2526,3.2281,-0.6732310,0.5066701,0.5385586
GOTO/0.6735,3.2375,3.2268,-0.6964375,0.4716133,0.5408841
GOTO/0.6692,3.2220,3.2252,-0.7181138,0.4341024,0.5439371
GOTO/0.6664,3.2054,3.2233,-0.7347607,0.4009039,0.5471772
GOTO/0.6653,3.1883,3.2210,-0.7504934,0.3644111,0.5513295
GOTO/0.6658,3.1713,3.2184,-0.7651373,0.3239332,0.5564460
GOTO/0.6681,3.1547,3.2154,-0.7781999,0.2792477,0.5625173
GOTO/0.6718,3.1390,3.2122,-0.7889890,0.2306607,0.5694664
GOTO/0.6723,2.9468,3.2119,-0.7928472,0.2117452,0.5714519
GOTO/0.6727,2.7545,3.2116,-0.7960297,0.1927500,0.5737457
GOTO/0.6730,2.5622,3.2114,-0.7989127,0.1736822,0.5758237
GOTO/0.6734,2.3700,3.2112,-0.8014952,0.1545492,0.5776850
GOTO/0.6736,2.1778,3.2110,-0.8037761,0.1353579,0.5793291
GOTO/0.6739,1.9855,3.2108,-0.8057547,0.1161158,0.5807551
GOTO/0.6741,1.7933,3.2107,-0.8074301,0.0968300,0.5819627
GOTO/0.6742,1.6011,3.2105,-0.8088018,0.0775077,0.5829513
GOTO/0.6744,1.4089,3.2105,-0.8098691,0.0581563,0.5837207
GOTO/0.6744,1.2167,3.2104,-0.8106319,0.0387830,0.5842704
GOTO/0.6745,1.0245,3.2103,-0.8110896,0.0193952,0.5846003
GOTO/0.6745,0.8322,3.2103,-0.8112422,0.0000000,0.5847103
PAINT/COLOR,37
GOTO/0.7177,0.6905,3.2756
GOTO/0.7329,0.6463,3.3025
GOTO/0.7480,0.6042,3.3328
GOTO/0.7618,0.5650,3.3673
GOTO/0.7718,0.5300,3.4071
GOTO/0.7706,0.5027,3.4533
GOTO/0.7417,0.4924,3.4959
PAINT/SPEED,10
PAINT/TOOL,NOMORE
END-OF-PATH
Tool Path Listing has 350 lines.