TOOL PATH/NORM_PART,TOOL,BALL_MILL_1.00
TLDATA/MILL,1.0000,0.5000,3.0000,0.0000,0.0000
MSYS/3.0000,3.0000,0.0000,1.0000000,0.0000000,0.0000000,0.0000000,1.0000000,0.0000000
$$ centerline data
PAINT/PATH
PAINT/SPEED,10
PAINT/TOOL,FULL,10
PAINT/COLOR,4
RAPID
GOTO/-4.2721,-3.0148,3.0000,-0.3778015,-0.0069217,0.9258607
PAINT/COLOR,1
RAPID
GOTO/-3.5785,-3.0021,1.3002
PAINT/COLOR,42
FEDRAT/IPM,10.0000
GOTO/-3.5411,-3.0016,1.2387
GOTO/-3.4871,-3.0011,1.1911
GOTO/-3.4223,-3.0008,1.1597
GOTO/-3.3520,-3.0005,1.1437
GOTO/-3.2799,-3.0003,1.1405
GOTO/-3.2081,-3.0002,1.1472
GOTO/-3.1373,-3.0001,1.1613
GOTO/-3.0679,-3.0000,1.1813
GOTO/-3.0000,-3.0000,1.2058
PAINT/COLOR,3
GOTO/-2.8582,-3.0000,1.2618,-0.3555418,0.0085483,0.9346213
GOTO/-2.7151,-3.0000,1.3141,-0.3314620,0.0232754,0.9431814
GOTO/-2.5706,-3.0000,1.3627,-0.3055191,0.0371428,0.9514612
GOTO/-2.4248,-3.0000,1.4072,-0.2776817,0.0500254,0.9593698
GOTO/-2.2778,-3.0000,1.4474,-0.2479365,0.0617903,0.9668037
GOTO/-2.1296,-3.0000,1.4829,-0.2162927,0.0722997,0.9736479
GOTO/-1.9803,-3.0000,1.5134,-0.1827875,0.0814127,0.9797758
GOTO/-1.8300,-3.0000,1.5387,-0.1473693,0.0889899,0.9850701
GOTO/-1.6788,-3.0000,1.5584,-0.1099940,0.0948891,0.9893924
GOTO/-1.5270,-3.0000,1.5723,-0.0708079,0.0989730,0.9925677
GOTO/-1.3748,-3.0000,1.5800,-0.0303225,0.1011223,0.9944118
GOTO/-1.2224,-3.0000,1.5815,0.0103286,0.1012767,0.9948047
GOTO/-1.0701,-3.0000,1.5769,0.0496951,0.0994555,0.9938003
GOTO/-0.9180,-3.0000,1.5665,0.0864150,0.0957814,0.9916443
GOTO/-0.7664,-3.0000,1.5507,0.1178124,0.0904949,0.9889039
GOTO/-0.6153,-3.0000,1.5307,0.1435551,0.0839059,0.9860790
GOTO/-0.4647,-3.0000,1.5071,0.1639113,0.0762925,0.9835205
GOTO/-0.3146,-3.0000,1.4808,0.1793674,0.0678923,0.9814367
GOTO/-0.0153,-3.0000,1.4229,0.1967832,0.0495037,0.9791965
GOTO/0.2835,-3.0000,1.3624,0.1970205,0.0301047,0.9799370
GOTO/0.5827,-3.0000,1.3045,0.1802941,0.0109315,0.9835520
GOTO/0.7329,-3.0000,1.2781,0.1650661,0.0018261,0.9862808
GOTO/0.8834,-3.0000,1.2544,0.1448864,-0.0067190,0.9894255
GOTO/1.0345,-3.0000,1.2342,0.1195723,-0.0144986,0.9927196
GOTO/1.1861,-3.0000,1.2182,0.0902677,-0.0212833,0.9956901
GOTO/1.3381,-3.0000,1.2068,0.0584117,-0.0268837,0.9979305
GOTO/1.4903,-3.0000,1.2004,0.0255729,-0.0311369,0.9991879
GOTO/1.6427,-3.0000,1.1990,-0.0072461,-0.0339290,0.9993980
GOTO/1.7951,-3.0000,1.2025,-0.0385877,-0.0352479,0.9986334
GOTO/1.9473,-3.0000,1.2107,-0.0682189,-0.0351710,0.9970502
GOTO/2.0992,-3.0000,1.2232,-0.0960760,-0.0337904,0.9948003
GOTO/2.2507,-3.0000,1.2399,-0.1223677,-0.0312003,0.9919943
GOTO/2.4017,-3.0000,1.2605,-0.1471460,-0.0274848,0.9887328
GOTO/2.5522,-3.0000,1.2847,-0.1703984,-0.0227288,0.9851131
GOTO/2.7021,-3.0000,1.3124,-0.1921281,-0.0170174,0.9812223
GOTO/2.8514,-3.0000,1.3432,-0.2123514,-0.0104343,0.9771377
GOTO/3.0000,-3.0000,1.3770,-0.2310942,-0.0030605,0.9729266
PAINT/COLOR,2
GOTO/3.0000,-2.7000,1.3779,-0.2161762,-0.0026936,0.9763506
GOTO/3.0000,-2.4000,1.3787,-0.2010295,-0.0023222,0.9795824
PAINT/COLOR,31
GOTO/2.8511,-2.4000,1.3494,-0.1852076,-0.0098244,0.9826503
GOTO/2.7017,-2.4000,1.3225,-0.1682090,-0.0165176,0.9856130
GOTO/2.5517,-2.4000,1.2983,-0.1500189,-0.0223246,0.9884311
GOTO/2.4011,-2.4000,1.2769,-0.1306281,-0.0271664,0.9910592
GOTO/2.2500,-2.4000,1.2586,-0.1100351,-0.0309632,0.9934453
GOTO/2.0985,-2.4000,1.2435,-0.0882480,-0.0336355,0.9955305
GOTO/1.9466,-2.4000,1.2318,-0.0652292,-0.0351041,0.9972527
GOTO/1.7945,-2.4000,1.2237,-0.0408062,-0.0352803,0.9985440
GOTO/1.6422,-2.4000,1.2194,-0.0150107,-0.0340741,0.9993066
GOTO/1.4899,-2.4000,1.2192,0.0120249,-0.0314064,0.9994344
GOTO/1.3378,-2.4000,1.2231,0.0393533,-0.0272749,0.9988530
GOTO/1.1860,-2.4000,1.2311,0.0662008,-0.0217809,0.9975686
GOTO/1.0346,-2.4000,1.2431,0.0911100,-0.0150746,0.9957267
GOTO/0.8836,-2.4000,1.2586,0.1128712,-0.0073333,0.9935826
GOTO/0.7332,-2.4000,1.2771,0.1303638,0.0012180,0.9914655
GOTO/0.5832,-2.4000,1.2979,0.1437037,0.0103693,0.9895664
GOTO/0.2841,-2.4000,1.3441,0.1587812,0.0297170,0.9868665
GOTO/-0.0145,-2.4000,1.3926,0.1595191,0.0493250,0.9859618
GOTO/-0.3137,-2.4000,1.4393,0.1457180,0.0678681,0.9869955
GOTO/-0.4637,-2.4000,1.4605,0.1331421,0.0763057,0.9881552
GOTO/-0.6143,-2.4000,1.4796,0.1164954,0.0839271,0.9896389
GOTO/-0.7653,-2.4000,1.4958,0.0954061,0.0904996,0.9913160
GOTO/-0.9168,-2.4000,1.5084,0.0696868,0.0957584,0.9929623
GOTO/-1.0688,-2.4000,1.5168,0.0396011,0.0994155,0.9942577
GOTO/-1.2210,-2.4000,1.5205,0.0073539,0.1012534,0.9948335
GOTO/-1.3734,-2.4000,1.5190,-0.0259718,0.1011623,0.9945309
GOTO/-1.5255,-2.4000,1.5125,-0.0592080,0.0991232,0.9933121
GOTO/-1.6773,-2.4000,1.5010,-0.0914642,0.0951852,0.9912487
GOTO/-1.8284,-2.4000,1.4846,-0.1223387,0.0894496,0.9884493
GOTO/-1.9788,-2.4000,1.4637,-0.1517351,0.0820332,0.9850112
GOTO/-2.1282,-2.4000,1.4385,-0.1797020,0.0730576,0.9810045
GOTO/-2.2765,-2.4000,1.4093,-0.2062922,0.0626419,0.9764832
GOTO/-2.4237,-2.4000,1.3762,-0.2314706,0.0509077,0.9715090
GOTO/-2.5697,-2.4000,1.3395,-0.2552179,0.0379765,0.9661375
GOTO/-2.7144,-2.4000,1.2995,-0.2775280,0.0239677,0.9604185
GOTO/-2.8579,-2.4000,1.2563,-0.2984059,0.0089971,0.9543967
GOTO/-3.0000,-2.4000,1.2102,-0.3178641,-0.0068242,0.9481117
PAINT/COLOR,2
GOTO/-3.0000,-2.1000,1.2124,-0.2863960,-0.0067629,0.9580875
GOTO/-3.0000,-1.8000,1.2145,-0.2540105,-0.0066928,0.9671783
PAINT/COLOR,31
GOTO/-2.8575,-1.8000,1.2506,-0.2380268,0.0094278,0.9712128
GOTO/-2.7138,-1.8000,1.2846,-0.2209947,0.0246011,0.9749647
GOTO/-2.5688,-1.8000,1.3160,-0.2029185,0.0387231,0.9784297
GOTO/-2.4226,-1.8000,1.3449,-0.1838061,0.0516879,0.9816026
GOTO/-2.2752,-1.8000,1.3709,-0.1636710,0.0633889,0.9844763
GOTO/-2.1268,-1.8000,1.3940,-0.1425332,0.0737195,0.9870409
GOTO/-1.9773,-1.8000,1.4139,-0.1204206,0.0825746,0.9892827
GOTO/-1.8269,-1.8000,1.4305,-0.0972808,0.0898520,0.9911927
GOTO/-1.6758,-1.8000,1.4435,-0.0730653,0.0954467,0.9927494
GOTO/-1.5240,-1.8000,1.4527,-0.0478326,0.0992580,0.9939114
GOTO/-1.3719,-1.8000,1.4580,-0.0218906,0.1011985,0.9946254
GOTO/-1.2197,-1.8000,1.4594,0.0040831,0.1012278,0.9948549
GOTO/-1.0675,-1.8000,1.4568,0.0291820,0.0993643,0.9946231
GOTO/-0.9156,-1.8000,1.4506,0.0525767,0.0957078,0.9940200
GOTO/-0.7641,-1.8000,1.4410,0.0725369,0.0904578,0.9932551
GOTO/-0.6132,-1.8000,1.4287,0.0888654,0.0838850,0.9925050
GOTO/-0.3127,-1.8000,1.3980,0.1112767,0.0677628,0.9914765
GOTO/-0.0137,-1.8000,1.3626,0.1213370,0.0490706,0.9913977
GOTO/0.2848,-1.8000,1.3261,0.1196807,0.0292770,0.9923807
GOTO/0.5836,-1.8000,1.2918,0.1065066,0.0097858,0.9942638
GOTO/0.8838,-1.8000,1.2632,0.0806539,-0.0079426,0.9967105
GOTO/1.0346,-1.8000,1.2523,0.0626674,-0.0156380,0.9979119
GOTO/1.1859,-1.8000,1.2444,0.0423253,-0.0222630,0.9988558
GOTO/1.3375,-1.8000,1.2396,0.0206189,-0.0276514,0.9994050
GOTO/1.4895,-1.8000,1.2381,-0.0011173,-0.0316640,0.9994979
GOTO/1.6417,-1.8000,1.2399,-0.0223481,-0.0342108,0.9991647
GOTO/1.7938,-1.8000,1.2449,-0.0426085,-0.0353066,0.9984678
GOTO/1.9459,-1.8000,1.2528,-0.0618346,-0.0350313,0.9974714
GOTO/2.0978,-1.8000,1.2636,-0.0800137,-0.0334728,0.9962316
GOTO/2.2493,-1.8000,1.2771,-0.0972720,-0.0307155,0.9947838
GOTO/2.4004,-1.8000,1.2932,-0.1136333,-0.0268339,0.9931603
GOTO/2.5511,-1.8000,1.3116,-0.1290924,-0.0219030,0.9913906
GOTO/2.7013,-1.8000,1.3323,-0.1436495,-0.0159985,0.9894993
GOTO/2.8509,-1.8000,1.3551,-0.1573089,-0.0091951,0.9875066
GOTO/3.0000,-1.8000,1.3799,-0.1700781,-0.0015668,0.9854293
PAINT/COLOR,2
GOTO/3.0000,-1.5000,1.3803,-0.1542896,-0.0011831,0.9880250
GOTO/3.0000,-1.2000,1.3806,-0.1383048,-0.0007958,0.9903894
PAINT/COLOR,31
GOTO/2.7008,-1.2000,1.3418,-0.1184805,-0.0154602,0.9928360
GOTO/2.3997,-1.2000,1.3092,-0.0961699,-0.0264867,0.9950125
GOTO/2.0970,-1.2000,1.2837,-0.0713729,-0.0333021,0.9968936
GOTO/1.9452,-1.2000,1.2738,-0.0580350,-0.0349523,0.9977025
GOTO/1.7932,-1.2000,1.2661,-0.0439952,-0.0353268,0.9984070
GOTO/1.6411,-1.2000,1.2605,-0.0292577,-0.0343395,0.9989819
GOTO/1.4891,-1.2000,1.2572,-0.0138434,-0.0319102,0.9993949
GOTO/1.3372,-1.2000,1.2563,0.0022332,-0.0280131,0.9996051
GOTO/1.1857,-1.2000,1.2579,0.0186893,-0.0227289,0.9995670
GOTO/1.0346,-1.2000,1.2619,0.0343212,-0.0161873,0.9992798
GOTO/0.8840,-1.2000,1.2682,0.0483410,-0.0085450,0.9987943
GOTO/0.5841,-1.2000,1.2860,0.0688528,0.0091829,0.9975846
GOTO/0.2854,-1.2000,1.3085,0.0798825,0.0287846,0.9963886
GOTO/-0.0129,-1.2000,1.3330,0.0823830,0.0487379,0.9954083
GOTO/-0.3118,-1.2000,1.3571,0.0761481,0.0675726,0.9948042
GOTO/-0.6121,-1.2000,1.3780,0.0607180,0.0837767,0.9946330
GOTO/-0.9144,-1.2000,1.3928,0.0350960,0.0956279,0.9947983
GOTO/-1.0662,-1.2000,1.3969,0.0184389,0.0993011,0.9948866
GOTO/-1.2183,-1.2000,1.3983,0.0005155,0.1011996,0.9948660
GOTO/-1.3705,-1.2000,1.3970,-0.0180802,0.1012313,0.9946986
GOTO/-1.5225,-1.2000,1.3928,-0.0366882,0.0993781,0.9943732
GOTO/-1.6742,-1.2000,1.3858,-0.0548188,0.0956741,0.9939021
GOTO/-1.8254,-1.2000,1.3762,-0.0722461,0.0901967,0.9933001
GOTO/-1.9758,-1.2000,1.3639,-0.0889380,0.0830346,0.9925700
GOTO/-2.1254,-1.2000,1.3493,-0.1049372,0.0742802,0.9917009
GOTO/-2.2740,-1.2000,1.3324,-0.1202910,0.0640230,0.9906721
GOTO/-2.4215,-1.2000,1.3134,-0.1349807,0.0523547,0.9894641
GOTO/-2.5679,-1.2000,1.2924,-0.1489901,0.0393695,0.9880546
GOTO/-2.7132,-1.2000,1.2695,-0.1623059,0.0251632,0.9864196
GOTO/-3.0000,-1.2000,1.2185,-0.1868127,-0.0065257,0.9823739
PAINT/COLOR,2
GOTO/-3.0000,-0.9000,1.2205,-0.1521956,-0.0064285,0.9883295
GOTO/-3.0000,-0.6000,1.2224,-0.1170493,-0.0063223,0.9931060
PAINT/COLOR,31
GOTO/-2.7125,-0.6000,1.2542,-0.1020091,0.0256428,0.9944529
GOTO/-2.4204,-0.6000,1.2817,-0.0853258,0.0528984,0.9949479
GOTO/-2.1240,-0.6000,1.3044,-0.0670730,0.0747360,0.9949451
GOTO/-1.8238,-0.6000,1.3217,-0.0472849,0.0904837,0.9947748
GOTO/-1.5210,-0.6000,1.3329,-0.0257806,0.0994841,0.9947051
GOTO/-1.2169,-0.6000,1.3373,-0.0033496,0.1011685,0.9948637
GOTO/-0.9132,-0.6000,1.3351,0.0172577,0.0955171,0.9952782
GOTO/-0.6111,-0.6000,1.3275,0.0321125,0.0835992,0.9959819
GOTO/-0.3109,-0.6000,1.3164,0.0404500,0.0672945,0.9969129
GOTO/-0.0122,-0.6000,1.3038,0.0428208,0.0483251,0.9979134
GOTO/0.5845,-0.6000,1.2807,0.0309018,0.0085631,0.9994857
GOTO/0.8841,-0.6000,1.2735,0.0160405,-0.0091386,0.9998296
GOTO/1.1856,-0.6000,1.2717,-0.0046615,-0.0231782,0.9997205
GOTO/1.4886,-0.6000,1.2764,-0.0261445,-0.0321453,0.9991412
GOTO/1.7925,-0.6000,1.2873,-0.0449667,-0.0353410,0.9983632
GOTO/2.0963,-0.6000,1.3036,-0.0623257,-0.0331230,0.9975061
GOTO/2.3991,-0.6000,1.3250,-0.0782486,-0.0261245,0.9965915
GOTO/2.7004,-0.6000,1.3509,-0.0927388,-0.0149029,0.9955789
GOTO/3.0000,-0.6000,1.3808,-0.1057872,-0.0000115,0.9943888
PAINT/COLOR,2
GOTO/3.0000,-0.3000,1.3808,-0.0892768,0.0003850,0.9960068
GOTO/3.0000,0.0000,1.3806,-0.0726148,0.0007840,0.9973598
PAINT/COLOR,31
GOTO/2.7000,0.0000,1.3597,-0.0664672,-0.0143273,0.9976857
GOTO/2.3984,0.0000,1.3406,-0.0598822,-0.0257471,0.9978733
GOTO/2.0955,0.0000,1.3234,-0.0528730,-0.0329351,0.9980580
GOTO/1.7919,0.0000,1.3085,-0.0455236,-0.0353493,0.9983376
GOTO/1.4882,0.0000,1.2958,-0.0380126,-0.0323695,0.9987528
GOTO/1.1854,0.0000,1.2857,-0.0276843,-0.0236107,0.9993378
GOTO/0.8843,0.0000,1.2791,-0.0161404,-0.0097214,0.9998225
GOTO/0.5849,0.0000,1.2757,-0.0071803,0.0079288,0.9999428
GOTO/-0.0114,0.0000,1.2748,0.0028294,0.0478319,0.9988514
GOTO/-0.3101,0.0000,1.2760,0.0043117,0.0669264,0.9977486
GOTO/-0.6101,0.0000,1.2772,0.0031142,0.0833501,0.9965155
GOTO/-0.9120,0.0000,1.2776,-0.0009230,0.0953737,0.9954411
GOTO/-1.2155,0.0000,1.2763,-0.0075126,0.1011342,0.9948444
GOTO/-1.5195,0.0000,1.2729,-0.0151151,0.0995770,0.9949151
GOTO/-1.8223,0.0000,1.2672,-0.0224462,0.0907134,0.9956240
GOTO/-2.1226,0.0000,1.2594,-0.0291047,0.0750842,0.9967524
GOTO/-2.4193,0.0000,1.2498,-0.0352018,0.0533122,0.9979572
GOTO/-3.0000,0.0000,1.2262,-0.0456732,-0.0060836,0.9989379
PAINT/COLOR,2
GOTO/-3.0000,0.3000,1.2280,-0.0097118,-0.0059519,0.9999351
GOTO/-3.0000,0.6000,1.2298,0.0262469,-0.0058125,0.9996386
PAINT/COLOR,31
GOTO/-2.4182,0.6000,1.2177,0.0150148,0.0535919,0.9984500
GOTO/-2.1212,0.6000,1.2141,0.0088022,0.0753239,0.9971203
GOTO/-1.8208,0.6000,1.2125,0.0022225,0.0908865,0.9958588
GOTO/-1.5180,0.6000,1.2128,-0.0046965,0.0996573,0.9950107
GOTO/-1.2142,0.6000,1.2154,-0.0119742,0.1010961,0.9948046
GOTO/-0.9108,0.6000,1.2201,-0.0194290,0.0951960,0.9952689
GOTO/-0.6091,0.6000,1.2271,-0.0262059,0.0830277,0.9962026
GOTO/-0.3092,0.6000,1.2359,-0.0321280,0.0664672,0.9972712
GOTO/-0.0107,0.6000,1.2463,-0.0374015,0.0472587,0.9981822
GOTO/0.5852,0.6000,1.2711,-0.0452246,0.0072827,0.9989503
GOTO/0.8844,0.6000,1.2851,-0.0480967,-0.0102918,0.9987897
GOTO/1.1852,0.6000,1.3000,-0.0503395,-0.0240261,0.9984431
GOTO/1.4877,0.6000,1.3153,-0.0494411,-0.0325834,0.9982454
GOTO/1.7912,0.6000,1.3297,-0.0456661,-0.0353516,0.9983310
GOTO/2.0947,0.6000,1.3431,-0.0430158,-0.0327382,0.9985379
GOTO/2.3977,0.6000,1.3559,-0.0410861,-0.0253541,0.9988339
GOTO/2.6995,0.6000,1.3681,-0.0397145,-0.0137337,0.9991167
GOTO/3.0000,0.6000,1.3799,-0.0388883,0.0015880,0.9992423
PAINT/COLOR,2
GOTO/3.0000,0.9000,1.3793,-0.0218517,0.0019924,0.9997592
GOTO/3.0000,1.2000,1.3787,-0.0047189,0.0023978,0.9999860
PAINT/COLOR,31
GOTO/2.6991,1.2000,1.3761,-0.0125350,-0.0131231,0.9998353
GOTO/2.3970,1.2000,1.3710,-0.0218781,-0.0249455,0.9994494
GOTO/2.0940,1.2000,1.3627,-0.0327561,-0.0325319,0.9989338
GOTO/1.7905,1.2000,1.3509,-0.0453948,-0.0353480,0.9983435
GOTO/1.4872,1.2000,1.3349,-0.0604241,-0.0327871,0.9976342
GOTO/1.1850,1.2000,1.3146,-0.0725908,-0.0244244,0.9970627
GOTO/0.8845,1.2000,1.2915,-0.0797273,-0.0108482,0.9967577
GOTO/0.5856,1.2000,1.2670,-0.0830628,0.0066279,0.9965223
GOTO/-0.0100,1.2000,1.2181,-0.0776750,0.0466075,0.9958887
GOTO/-0.3083,1.2000,1.1961,-0.0687233,0.0659169,0.9954557
GOTO/-0.6081,1.2000,1.1772,-0.0557719,0.0826305,0.9950184
GOTO/-0.9096,1.2000,1.1628,-0.0382415,0.0949825,0.9947441
GOTO/-1.2128,1.2000,1.1544,-0.0167349,0.1010540,0.9947402
GOTO/-1.5166,1.2000,1.1527,0.0054708,0.0997259,0.9949999
GOTO/-1.8193,1.2000,1.1576,0.0266755,0.0910041,0.9954932
GOTO/-2.1198,1.2000,1.1687,0.0464843,0.0754553,0.9960651
GOTO/-2.4171,1.2000,1.1853,0.0649454,0.0537363,0.9964409
GOTO/-2.7106,1.2000,1.2070,0.0820090,0.0265122,0.9962789
GOTO/-3.0000,1.2000,1.2332,0.0976034,-0.0055130,0.9952101
PAINT/COLOR,2
GOTO/-3.0000,1.5000,1.2348,0.1327343,-0.0053544,0.9911372
GOTO/-3.0000,1.8000,1.2364,0.1673338,-0.0051908,0.9858866
PAINT/COLOR,31
GOTO/-2.7099,1.8000,1.1909,0.1421083,0.0266027,0.9894936
GOTO/-2.5634,1.8000,1.1709,0.1284922,0.0408043,0.9908707
GOTO/-2.4159,1.8000,1.1528,0.1142233,0.0537473,0.9920001
GOTO/-2.2676,1.8000,1.1368,0.0993153,0.0653369,0.9929086
GOTO/-2.1184,1.8000,1.1231,0.0837838,0.0754801,0.9936212
GOTO/-1.9684,1.8000,1.1117,0.0676461,0.0840867,0.9941597
GOTO/-1.8178,1.8000,1.1027,0.0508697,0.0910673,0.9945446
GOTO/-1.6666,1.8000,1.0963,0.0334395,0.0963293,0.9947876
GOTO/-1.5151,1.8000,1.0925,0.0153830,0.0997835,0.9948903
GOTO/-1.3633,1.8000,1.0916,-0.0031275,0.1013535,0.9948456
GOTO/-1.2115,1.8000,1.0935,-0.0217948,0.1010074,0.9946469
GOTO/-1.0598,1.8000,1.0982,-0.0400467,0.0987679,0.9943044
GOTO/-0.9085,1.8000,1.1057,-0.0573394,0.0947319,0.9938501
GOTO/-0.7576,1.8000,1.1155,-0.0725150,0.0891073,0.9933788
GOTO/-0.6071,1.8000,1.1275,-0.0855038,0.0821579,0.9929447
GOTO/-0.3075,1.8000,1.1565,-0.1053241,0.0652767,0.9922932
GOTO/-0.0093,1.8000,1.1902,-0.1177922,0.0458811,0.9919778
GOTO/0.5859,1.8000,1.2632,-0.1205314,0.0059674,0.9926916
GOTO/0.8846,1.8000,1.2982,-0.1109368,-0.0113891,0.9937622
GOTO/1.1848,1.8000,1.3294,-0.0944054,-0.0248056,0.9952248
GOTO/1.4867,1.8000,1.3546,-0.0709570,-0.0329812,0.9969340
GOTO/1.7898,1.8000,1.3721,-0.0447098,-0.0353385,0.9983748
GOTO/2.0932,1.8000,1.3822,-0.0220964,-0.0323158,0.9992334
GOTO/2.3963,1.8000,1.3858,-0.0022789,-0.0245210,0.9996967
GOTO/2.6987,1.8000,1.3838,0.0150113,-0.0124964,0.9998092
GOTO/3.0000,1.8000,1.3770,0.0297737,0.0032106,0.9995515
PAINT/COLOR,2
GOTO/3.0000,2.1000,1.3760,0.0471019,0.0036171,0.9988835
GOTO/3.0000,2.4000,1.3748,0.0644630,0.0040232,0.9979120
PAINT/COLOR,31
GOTO/2.6982,2.4000,1.3911,0.0428600,-0.0118546,0.9990108
GOTO/2.3956,2.4000,1.4004,0.0176884,-0.0240806,0.9995535
GOTO/2.2440,2.4000,1.4020,0.0037660,-0.0286474,0.9995825
GOTO/2.0924,2.4000,1.4015,-0.0110400,-0.0320896,0.9994240
GOTO/1.9407,2.4000,1.3986,-0.0267397,-0.0343387,0.9990525
GOTO/1.7891,2.4000,1.3933,-0.0436116,-0.0353230,0.9984239
GOTO/1.6375,2.4000,1.3853,-0.0617235,-0.0349588,0.9974809
GOTO/1.4862,2.4000,1.3745,-0.0810359,-0.0331660,0.9961592
GOTO/1.3352,2.4000,1.3608,-0.0996389,-0.0298850,0.9945748
GOTO/1.1846,2.4000,1.3444,-0.1157541,-0.0251698,0.9929589
GOTO/0.8846,2.4000,1.3053,-0.1416365,-0.0119135,0.9898470
GOTO/0.5862,2.4000,1.2599,-0.1574746,0.0053040,0.9875088
GOTO/0.2887,2.4000,1.2113,-0.1628187,0.0248243,0.9863437
GOTO/-0.0086,2.4000,1.1627,-0.1575570,0.0450838,0.9864802
GOTO/-0.3067,2.4000,1.1173,-0.1417791,0.0645489,0.9877915
GOTO/-0.4562,2.4000,1.0967,-0.1299429,0.0734859,0.9887945
GOTO/-0.6061,2.4000,1.0781,-0.1153188,0.0816097,0.9899704
GOTO/-0.7565,2.4000,1.0619,-0.0976075,0.0886830,0.9912659
GOTO/-0.9073,2.4000,1.0486,-0.0767000,0.0944429,0.9925712
GOTO/-1.0586,2.4000,1.0387,-0.0526699,0.0986104,0.9937313
GOTO/-1.2102,2.4000,1.0326,-0.0271543,0.1009559,0.9945203
GOTO/-1.3619,2.4000,1.0305,-0.0009639,0.1013713,0.9948482
GOTO/-1.5136,2.4000,1.0323,0.0250366,0.0998308,0.9946894
GOTO/-1.6651,2.4000,1.0381,0.0503755,0.0963710,0.9940699
GOTO/-1.8163,2.4000,1.0476,0.0747642,0.0910779,0.9930333
GOTO/-1.9669,2.4000,1.0607,0.0981515,0.0840528,0.9916156
GOTO/-2.1170,2.4000,1.0773,0.1205517,0.0754013,0.9898393
GOTO/-2.2663,2.4000,1.0971,0.1420119,0.0652259,0.9877136
GOTO/-2.4148,2.4000,1.1201,0.1625066,0.0536298,0.9852489
GOTO/-2.5625,2.4000,1.1459,0.1820152,0.0407183,0.9824523
GOTO/-2.7093,2.4000,1.1746,0.2005228,0.0265972,0.9793279
GOTO/-2.8551,2.4000,1.2058,0.2180189,0.0113722,0.9758783
GOTO/-3.0000,2.4000,1.2395,0.2344962,-0.0048520,0.9721049
PAINT/COLOR,2
GOTO/-3.0000,2.7000,1.2409,0.2668675,-0.0046783,0.9637219
GOTO/-3.0000,3.0000,1.2424,0.2983257,-0.0045029,0.9544535
PAINT/COLOR,31
GOTO/-2.8548,3.0000,1.1986,0.2782290,0.0114572,0.9604464
GOTO/-2.7086,3.0000,1.1580,0.2567280,0.0265021,0.9661203
GOTO/-2.5616,3.0000,1.1208,0.2338150,0.0405189,0.9714364
GOTO/-2.4137,3.0000,1.0871,0.2094896,0.0533910,0.9763521
GOTO/-2.2650,3.0000,1.0572,0.1837611,0.0649993,0.9808195
GOTO/-2.1156,3.0000,1.0313,0.1566502,0.0752232,0.9847853
GOTO/-1.9654,3.0000,1.0096,0.1281903,0.0839424,0.9881907
GOTO/-1.8148,3.0000,0.9924,0.0983215,0.0910376,0.9909819
GOTO/-1.6636,3.0000,0.9798,0.0670386,0.0963856,0.9930839
GOTO/-1.5121,3.0000,0.9720,0.0344288,0.0998686,0.9944048
GOTO/-1.3605,3.0000,0.9693,0.0009220,0.1013873,0.9948466
GOTO/-1.2088,3.0000,0.9718,-0.0328134,0.1008988,0.9943554
GOTO/-1.0574,3.0000,0.9793,-0.0655887,0.0984335,0.9929798
GOTO/-0.9062,3.0000,0.9917,-0.0962985,0.0941142,0.9908931
GOTO/-0.7554,3.0000,1.0084,-0.1228325,0.0881992,0.9885004
GOTO/-0.6052,3.0000,1.0288,-0.1451320,0.0809865,0.9860922
GOTO/-0.4553,3.0000,1.0524,-0.1633651,0.0727516,0.9838796
GOTO/-0.3059,3.0000,1.0783,-0.1779389,0.0637369,0.9819752
GOTO/-0.0080,3.0000,1.1356,-0.1967806,0.0442206,0.9794498
GOTO/0.2892,3.0000,1.1965,-0.2020571,0.0240273,0.9790790
GOTO/0.5865,3.0000,1.2569,-0.1937478,0.0046408,0.9810404
GOTO/0.8847,3.0000,1.3127,-0.1717453,-0.0124204,0.9850631
GOTO/1.0343,3.0000,1.3375,-0.1555393,-0.0195603,0.9876360
GOTO/1.1843,3.0000,1.3597,-0.1366115,-0.0255172,0.9902960
GOTO/1.3348,3.0000,1.3789,-0.1150700,-0.0301501,0.9928997
GOTO/1.4857,3.0000,1.3945,-0.0906597,-0.0333420,0.9953236
GOTO/1.6369,3.0000,1.4063,-0.0656398,-0.0350387,0.9972280
GOTO/1.7883,3.0000,1.4145,-0.0421004,-0.0353014,0.9984895
GOTO/1.9399,3.0000,1.4192,-0.0201111,-0.0342112,0.9992123
GOTO/2.0916,3.0000,1.4207,0.0004088,-0.0318530,0.9994925
GOTO/2.2433,3.0000,1.4191,0.0197788,-0.0283001,0.9994038
GOTO/2.3949,3.0000,1.4147,0.0379981,-0.0236243,0.9989985
GOTO/2.5464,3.0000,1.4077,0.0550543,-0.0178993,0.9983229
GOTO/2.6978,3.0000,1.3981,0.0709419,-0.0111990,0.9974176
GOTO/2.8490,3.0000,1.3862,0.0856614,-0.0035975,0.9963178
GOTO/3.0000,3.0000,1.3722,0.0992178,0.0048325,0.9950540
PAINT/COLOR,7
GOTO/3.1441,3.0000,1.3678
GOTO/3.2159,3.0001,1.3739
GOTO/3.2867,3.0002,1.3876
GOTO/3.3549,3.0003,1.4108
GOTO/3.4178,3.0005,1.4458
GOTO/3.4710,3.0008,1.4941
GOTO/3.5092,3.0011,1.5550
GOTO/3.5276,3.0014,1.6244
PAINT/COLOR,1
RAPID
GOTO/3.6648,3.0081,3.0000
PAINT/SPEED,10
PAINT/TOOL,NOMORE
END-OF-PATH
Tool Path Listing has 388 lines.