TOOL PATH/FLOOR_FACING,TOOL,FACEMILL
TLDATA/MILL,10.0000,0.0000,50.0000,0.0000,0.0000
MSYS/0.0000,0.0000,0.0000,1.0000000,0.0000000,0.0000000,0.0000000,1.0000000,0.0000000
$$ centerline data
PAINT/PATH
PAINT/SPEED,10
LOAD/TOOL,0,ADJUST,1
PAINT/COLOR,186
RAPID
GOTO/-2.5559,157.5807,43.0000,0.0000000,0.0000000,1.0000000
PAINT/COLOR,211
RAPID
GOTO/-2.5559,157.5807,28.8000
PAINT/COLOR,42
FEDRAT/MMPM,250.0000
GOTO/-2.5559,157.5807,25.8000
GOTO/-2.5559,157.4997,25.8000
CIRCLE/-0.0559,157.4997,25.8000,0.0000000,0.0000000,-1.0000000,2.5000,0.0600,0.5000,10.0000,0.0000
GOTO/-0.0559,154.9997,25.8000
PAINT/COLOR,31
GOTO/150.0410,154.9997,25.8000
PAINT/COLOR,36
CIRCLE/150.0395,152.4997,25.8000,0.0000000,0.0000000,1.0000000,2.5000,0.0600,0.5000,10.0000,0.0000
GOTO/150.0768,154.9994,25.8000
CIRCLE/150.0000,150.0000,25.8000,0.0000000,0.0000000,1.0000000,5.0000,0.0600,0.5000,10.0000,0.0000
GOTO/154.9989,150.1058,25.8000
CIRCLE/152.7494,150.0592,25.8000,0.0000000,0.0000000,1.0000000,2.2500,0.0600,0.5000,10.0000,0.0000
GOTO/152.7508,147.8092,25.8000
PAINT/COLOR,31
GOTO/-2.5015,147.8092,25.8000
PAINT/COLOR,36
CIRCLE/-2.5000,145.3092,25.8000,0.0000000,0.0000000,-1.0000000,2.5000,0.0600,0.5000,10.0000,0.0000
GOTO/-5.0000,145.3107,25.8000
GOTO/-5.0000,143.1188,25.8000
CIRCLE/-2.5000,143.1188,25.8000,0.0000000,0.0000000,-1.0000000,2.5000,0.0600,0.5000,10.0000,0.0000
GOTO/-2.5000,140.6188,25.8000
PAINT/COLOR,31
GOTO/152.5015,140.6188,25.8000
PAINT/COLOR,36
CIRCLE/152.5000,138.1188,25.8000,0.0000000,0.0000000,1.0000000,2.5000,0.0600,0.5000,10.0000,0.0000
GOTO/155.0000,138.1203,25.8000
GOTO/155.0000,135.6783,25.8000
CIRCLE/152.7500,135.6783,25.8000,0.0000000,0.0000000,1.0000000,2.2500,0.0600,0.5000,10.0000,0.0000
GOTO/152.7500,133.4283,25.8000
PAINT/COLOR,31
GOTO/-2.5015,133.4283,25.8000
PAINT/COLOR,36
CIRCLE/-2.5000,130.9283,25.8000,0.0000000,0.0000000,-1.0000000,2.5000,0.0600,0.5000,10.0000,0.0000
GOTO/-5.0000,130.9298,25.8000
GOTO/-5.0000,128.7379,25.8000
CIRCLE/-2.5000,128.7379,25.8000,0.0000000,0.0000000,-1.0000000,2.5000,0.0600,0.5000,10.0000,0.0000
GOTO/-2.5000,126.2379,25.8000
PAINT/COLOR,31
GOTO/152.5015,126.2379,25.8000
PAINT/COLOR,36
CIRCLE/152.5000,123.7379,25.8000,0.0000000,0.0000000,1.0000000,2.5000,0.0600,0.5000,10.0000,0.0000
GOTO/155.0000,123.7394,25.8000
GOTO/155.0000,121.2975,25.8000
CIRCLE/152.7500,121.2975,25.8000,0.0000000,0.0000000,1.0000000,2.2500,0.0600,0.5000,10.0000,0.0000
GOTO/152.7500,119.0475,25.8000
PAINT/COLOR,31
GOTO/-2.5015,119.0475,25.8000
PAINT/COLOR,36
CIRCLE/-2.5000,116.5475,25.8000,0.0000000,0.0000000,-1.0000000,2.5000,0.0600,0.5000,10.0000,0.0000
GOTO/-5.0000,116.5490,25.8000
GOTO/-5.0000,114.3570,25.8000
CIRCLE/-2.5000,114.3570,25.8000,0.0000000,0.0000000,-1.0000000,2.5000,0.0600,0.5000,10.0000,0.0000
GOTO/-2.5000,111.8570,25.8000
PAINT/COLOR,31
GOTO/152.5015,111.8570,25.8000
PAINT/COLOR,36
CIRCLE/152.5000,109.3570,25.8000,0.0000000,0.0000000,1.0000000,2.5000,0.0600,0.5000,10.0000,0.0000
GOTO/155.0000,109.3585,25.8000
GOTO/155.0000,106.9166,25.8000
CIRCLE/152.7500,106.9166,25.8000,0.0000000,0.0000000,1.0000000,2.2500,0.0600,0.5000,10.0000,0.0000
GOTO/152.7500,104.6666,25.8000
PAINT/COLOR,31
GOTO/-2.5015,104.6666,25.8000
PAINT/COLOR,36
CIRCLE/-2.5000,102.1666,25.8000,0.0000000,0.0000000,-1.0000000,2.5000,0.0600,0.5000,10.0000,0.0000
GOTO/-5.0000,102.1681,25.8000
GOTO/-5.0000,99.9761,25.8000
CIRCLE/-2.5000,99.9761,25.8000,0.0000000,0.0000000,-1.0000000,2.5000,0.0600,0.5000,10.0000,0.0000
GOTO/-2.5000,97.4761,25.8000
PAINT/COLOR,31
GOTO/152.5015,97.4761,25.8000
PAINT/COLOR,36
CIRCLE/152.5000,94.9761,25.8000,0.0000000,0.0000000,1.0000000,2.5000,0.0600,0.5000,10.0000,0.0000
GOTO/155.0000,94.9776,25.8000
GOTO/155.0000,92.5357,25.8000
CIRCLE/152.7500,92.5357,25.8000,0.0000000,0.0000000,1.0000000,2.2500,0.0600,0.5000,10.0000,0.0000
GOTO/152.7500,90.2857,25.8000
PAINT/COLOR,31
GOTO/-2.5015,90.2857,25.8000
PAINT/COLOR,36
CIRCLE/-2.5000,87.7857,25.8000,0.0000000,0.0000000,-1.0000000,2.5000,0.0600,0.5000,10.0000,0.0000
GOTO/-5.0000,87.7872,25.8000
GOTO/-5.0000,85.5952,25.8000
CIRCLE/-2.5000,85.5952,25.8000,0.0000000,0.0000000,-1.0000000,2.5000,0.0600,0.5000,10.0000,0.0000
GOTO/-2.5000,83.0952,25.8000
PAINT/COLOR,31
GOTO/152.5015,83.0952,25.8000
PAINT/COLOR,36
CIRCLE/152.5000,80.5952,25.8000,0.0000000,0.0000000,1.0000000,2.5000,0.0600,0.5000,10.0000,0.0000
GOTO/155.0000,80.5967,25.8000
GOTO/155.0000,78.1548,25.8000
CIRCLE/152.7500,78.1548,25.8000,0.0000000,0.0000000,1.0000000,2.2500,0.0600,0.5000,10.0000,0.0000
GOTO/152.7500,75.9048,25.8000
PAINT/COLOR,31
GOTO/-2.5015,75.9048,25.8000
PAINT/COLOR,36
CIRCLE/-2.5000,73.4048,25.8000,0.0000000,0.0000000,-1.0000000,2.5000,0.0600,0.5000,10.0000,0.0000
GOTO/-5.0000,73.4064,25.8000
GOTO/-5.0000,71.2143,25.8000
CIRCLE/-2.5000,71.2143,25.8000,0.0000000,0.0000000,-1.0000000,2.5000,0.0600,0.5000,10.0000,0.0000
GOTO/-2.5000,68.7143,25.8000
PAINT/COLOR,31
GOTO/152.5015,68.7143,25.8000
PAINT/COLOR,36
CIRCLE/152.5000,66.2143,25.8000,0.0000000,0.0000000,1.0000000,2.5000,0.0600,0.5000,10.0000,0.0000
GOTO/155.0000,66.2158,25.8000
GOTO/155.0000,63.7739,25.8000
CIRCLE/152.7500,63.7739,25.8000,0.0000000,0.0000000,1.0000000,2.2500,0.0600,0.5000,10.0000,0.0000
GOTO/152.7500,61.5239,25.8000
PAINT/COLOR,31
GOTO/-2.5015,61.5239,25.8000
PAINT/COLOR,36
CIRCLE/-2.5000,59.0239,25.8000,0.0000000,0.0000000,-1.0000000,2.5000,0.0600,0.5000,10.0000,0.0000
GOTO/-5.0000,59.0255,25.8000
GOTO/-5.0000,56.8334,25.8000
CIRCLE/-2.5000,56.8334,25.8000,0.0000000,0.0000000,-1.0000000,2.5000,0.0600,0.5000,10.0000,0.0000
GOTO/-2.5000,54.3334,25.8000
PAINT/COLOR,31
GOTO/152.5015,54.3334,25.8000
PAINT/COLOR,36
CIRCLE/152.5000,51.8334,25.8000,0.0000000,0.0000000,1.0000000,2.5000,0.0600,0.5000,10.0000,0.0000
GOTO/155.0000,51.8349,25.8000
GOTO/155.0000,49.3930,25.8000
CIRCLE/152.7500,49.3930,25.8000,0.0000000,0.0000000,1.0000000,2.2500,0.0600,0.5000,10.0000,0.0000
GOTO/152.7500,47.1430,25.8000
PAINT/COLOR,31
GOTO/-2.5015,47.1430,25.8000
PAINT/COLOR,36
CIRCLE/-2.5000,44.6430,25.8000,0.0000000,0.0000000,-1.0000000,2.5000,0.0600,0.5000,10.0000,0.0000
GOTO/-5.0000,44.6446,25.8000
GOTO/-5.0000,42.4525,25.8000
CIRCLE/-2.5000,42.4525,25.8000,0.0000000,0.0000000,-1.0000000,2.5000,0.0600,0.5000,10.0000,0.0000
GOTO/-2.5000,39.9525,25.8000
PAINT/COLOR,31
GOTO/152.5015,39.9525,25.8000
PAINT/COLOR,36
CIRCLE/152.5000,37.4525,25.8000,0.0000000,0.0000000,1.0000000,2.5000,0.0600,0.5000,10.0000,0.0000
GOTO/155.0000,37.4540,25.8000
GOTO/155.0000,35.0121,25.8000
CIRCLE/152.7500,35.0121,25.8000,0.0000000,0.0000000,1.0000000,2.2500,0.0600,0.5000,10.0000,0.0000
GOTO/152.7500,32.7621,25.8000
PAINT/COLOR,31
GOTO/-2.5015,32.7621,25.8000
PAINT/COLOR,36
CIRCLE/-2.5000,30.2621,25.8000,0.0000000,0.0000000,-1.0000000,2.5000,0.0600,0.5000,10.0000,0.0000
GOTO/-5.0000,30.2637,25.8000
GOTO/-5.0000,28.0717,25.8000
CIRCLE/-2.5000,28.0717,25.8000,0.0000000,0.0000000,-1.0000000,2.5000,0.0600,0.5000,10.0000,0.0000
GOTO/-2.5000,25.5717,25.8000
PAINT/COLOR,31
GOTO/152.5015,25.5717,25.8000
PAINT/COLOR,36
CIRCLE/152.5000,23.0717,25.8000,0.0000000,0.0000000,1.0000000,2.5000,0.0600,0.5000,10.0000,0.0000
GOTO/155.0000,23.0730,25.8000
GOTO/155.0000,20.8812,25.8000
CIRCLE/152.5000,20.8812,25.8000,0.0000000,0.0000000,1.0000000,2.5000,0.0600,0.5000,10.0000,0.0000
GOTO/152.5000,18.3812,25.8000
PAINT/COLOR,31
GOTO/-2.5015,18.3812,25.8000
PAINT/COLOR,36
CIRCLE/-2.5000,15.8812,25.8000,0.0000000,0.0000000,-1.0000000,2.5000,0.0600,0.5000,10.0000,0.0000
GOTO/-5.0000,15.8826,25.8000
GOTO/-5.0000,13.6908,25.8000
CIRCLE/-2.5000,13.6908,25.8000,0.0000000,0.0000000,-1.0000000,2.5000,0.0600,0.5000,10.0000,0.0000
GOTO/-2.5000,11.1908,25.8000
PAINT/COLOR,31
GOTO/152.5015,11.1908,25.8000
PAINT/COLOR,36
CIRCLE/152.5000,8.6908,25.8000,0.0000000,0.0000000,1.0000000,2.5000,0.0600,0.5000,10.0000,0.0000
GOTO/155.0000,8.6922,25.8000
GOTO/155.0000,6.2503,25.8000
CIRCLE/152.7500,6.2503,25.8000,0.0000000,0.0000000,1.0000000,2.2500,0.0600,0.5000,10.0000,0.0000
GOTO/152.7500,4.0003,25.8000
PAINT/COLOR,31
GOTO/-5.0000,4.0003,25.8000
PAINT/COLOR,37
CIRCLE/-5.0000,6.5003,25.8000,0.0000000,0.0000000,1.0000000,2.5000,0.0600,0.5000,10.0000,0.0000
GOTO/-7.5000,6.5003,25.8000
GOTO/-8.0000,6.5003,25.8000
GOTO/-8.0000,6.5003,28.8000
PAINT/COLOR,211
RAPID
GOTO/-8.0000,6.5003,43.0000
PAINT/SPEED,10
PAINT/TOOL,NOMORE
END-OF-PATH
Tool Path Listing has 201 lines.